  
       XFOIL         Version 6.99
  
 Calculated polar for: NACA 0012                                       
  
 1 1 Reynolds number fixed          Mach number fixed         
  
 xtrf =   1.000 (top)        1.000 (bottom)  
 Mach =   0.002     Re =     3.002 e 6     Ncrit =   9.000
  
   alpha    CL        CD       CDp       CM     Top_Xtr  Bot_Xtr
  ------ -------- --------- --------- -------- -------- --------
   0.000   0.0000   0.00509   0.00073  -0.0000   0.5132   0.5134
   0.250   0.0280   0.00511   0.00074   0.0000   0.4889   0.5362
   0.500   0.0560   0.00511   0.00075   0.0000   0.4655   0.5603
   0.750   0.0839   0.00514   0.00076   0.0001   0.4411   0.5850
   1.000   0.1120   0.00517   0.00078   0.0001   0.4174   0.6076
   1.250   0.1398   0.00520   0.00081   0.0001   0.3923   0.6317
   1.500   0.1678   0.00524   0.00084   0.0001   0.3693   0.6557
   1.750   0.1956   0.00529   0.00089   0.0002   0.3450   0.6789
   2.000   0.2234   0.00536   0.00093   0.0002   0.3213   0.7022
   2.250   0.2511   0.00544   0.00099   0.0003   0.2966   0.7252
   2.500   0.2787   0.00551   0.00106   0.0004   0.2734   0.7480
   2.750   0.3063   0.00560   0.00113   0.0005   0.2502   0.7706
   3.000   0.3337   0.00571   0.00121   0.0006   0.2270   0.7921
   3.250   0.3612   0.00580   0.00129   0.0008   0.2066   0.8133
   3.500   0.3883   0.00594   0.00140   0.0009   0.1839   0.8337
   3.750   0.4156   0.00605   0.00150   0.0011   0.1653   0.8526
   4.000   0.4428   0.00619   0.00161   0.0013   0.1474   0.8706
   4.250   0.4699   0.00633   0.00173   0.0015   0.1307   0.8870
   4.500   0.4968   0.00648   0.00186   0.0018   0.1155   0.9024
   4.750   0.5235   0.00665   0.00200   0.0021   0.1014   0.9163
   5.000   0.5504   0.00680   0.00213   0.0024   0.0903   0.9287
   5.250   0.5772   0.00697   0.00227   0.0027   0.0807   0.9402
   5.500   0.6033   0.00714   0.00242   0.0031   0.0712   0.9511
   5.750   0.6295   0.00734   0.00258   0.0035   0.0629   0.9600
   6.000   0.6559   0.00750   0.00273   0.0039   0.0578   0.9686
   6.250   0.6831   0.00769   0.00289   0.0041   0.0521   0.9752
   6.500   0.7095   0.00790   0.00307   0.0045   0.0463   0.9819
   6.750   0.7396   0.00809   0.00323   0.0040   0.0431   0.9856
   7.000   0.7699   0.00831   0.00343   0.0034   0.0389   0.9889
   7.250   0.7998   0.00853   0.00362   0.0029   0.0359   0.9921
   7.500   0.8305   0.00876   0.00383   0.0022   0.0329   0.9940
   7.750   0.8633   0.00899   0.00404   0.0011   0.0307   0.9947
   8.000   0.8956   0.00924   0.00427  -0.0000   0.0282   0.9956
   8.250   0.9278   0.00946   0.00448  -0.0011   0.0267   0.9966
   8.500   0.9594   0.00975   0.00475  -0.0020   0.0244   0.9976
   8.750   0.9911   0.00998   0.00498  -0.0030   0.0234   0.9985
   9.000   1.0225   0.01024   0.00522  -0.0039   0.0222   0.9994
   9.250   1.0529   0.01055   0.00552  -0.0046   0.0206   1.0000
   9.500   1.0741   0.01078   0.00576  -0.0033   0.0199   1.0000
   9.750   1.0959   0.01100   0.00598  -0.0021   0.0193   1.0000
  10.000   1.1177   0.01126   0.00624  -0.0010   0.0186   1.0000
  10.250   1.1396   0.01155   0.00653   0.0001   0.0176   1.0000
  10.500   1.1615   0.01188   0.00686   0.0012   0.0167   1.0000
  10.750   1.1848   0.01212   0.00712   0.0020   0.0164   1.0000
  11.000   1.2082   0.01240   0.00741   0.0027   0.0159   1.0000
  11.250   1.2317   0.01271   0.00772   0.0034   0.0154   1.0000
  11.500   1.2550   0.01306   0.00807   0.0041   0.0148   1.0000
  11.750   1.2776   0.01348   0.00851   0.0049   0.0140   1.0000
  12.000   1.3009   0.01385   0.00890   0.0055   0.0137   1.0000
  12.250   1.3245   0.01417   0.00924   0.0061   0.0135   1.0000
  12.500   1.3478   0.01451   0.00960   0.0067   0.0132   1.0000
  12.750   1.3707   0.01489   0.00999   0.0074   0.0129   1.0000
  13.000   1.3932   0.01529   0.01041   0.0081   0.0125   1.0000
  13.250   1.4149   0.01573   0.01086   0.0088   0.0121   1.0000
  13.500   1.4355   0.01626   0.01142   0.0098   0.0115   1.0000
  13.750   1.4551   0.01685   0.01205   0.0108   0.0111   1.0000
  14.000   1.4762   0.01727   0.01249   0.0116   0.0110   1.0000
  14.250   1.4967   0.01772   0.01297   0.0125   0.0109   1.0000
  14.500   1.5163   0.01820   0.01348   0.0135   0.0107   1.0000
  14.750   1.5351   0.01871   0.01403   0.0146   0.0106   1.0000
  15.000   1.5524   0.01925   0.01460   0.0159   0.0104   1.0000
