  
       XFOIL         Version 6.99
  
 Calculated polar for: NACA 0012                                       
  
 1 1 Reynolds number fixed          Mach number fixed         
  
 xtrf =   1.000 (top)        1.000 (bottom)  
 Mach =   0.004     Re =     3.246 e 6     Ncrit =   9.000
  
   alpha    CL        CD       CDp       CM     Top_Xtr  Bot_Xtr
  ------ -------- --------- --------- -------- -------- --------
   0.000   0.0000   0.00509   0.00072  -0.0000   0.5017   0.5018
   0.250   0.0281   0.00511   0.00073  -0.0000   0.4770   0.5235
   0.500   0.0561   0.00511   0.00073   0.0000   0.4540   0.5483
   0.750   0.0841   0.00513   0.00075   0.0000   0.4305   0.5719
   1.000   0.1121   0.00516   0.00077   0.0000   0.4059   0.5953
   1.250   0.1401   0.00519   0.00080   0.0000   0.3823   0.6190
   1.500   0.1680   0.00525   0.00083   0.0001   0.3578   0.6422
   1.750   0.1959   0.00528   0.00087   0.0001   0.3353   0.6659
   2.000   0.2237   0.00536   0.00092   0.0002   0.3102   0.6885
   2.250   0.2515   0.00542   0.00097   0.0002   0.2878   0.7121
   2.500   0.2791   0.00550   0.00104   0.0003   0.2637   0.7350
   2.750   0.3068   0.00559   0.00111   0.0004   0.2418   0.7572
   3.000   0.3343   0.00568   0.00119   0.0005   0.2191   0.7794
   3.250   0.3617   0.00579   0.00128   0.0006   0.1974   0.8012
   3.500   0.3892   0.00590   0.00137   0.0007   0.1784   0.8218
   3.750   0.4166   0.00602   0.00147   0.0009   0.1593   0.8409
   4.000   0.4437   0.00616   0.00159   0.0011   0.1409   0.8595
   4.250   0.4709   0.00631   0.00170   0.0013   0.1237   0.8766
   4.750   0.5249   0.00660   0.00196   0.0017   0.0961   0.9075
   5.000   0.5517   0.00675   0.00209   0.0020   0.0862   0.9215
   5.250   0.5785   0.00689   0.00223   0.0024   0.0776   0.9337
   5.500   0.6051   0.00706   0.00238   0.0027   0.0691   0.9444
   5.750   0.6316   0.00723   0.00253   0.0030   0.0617   0.9546
   6.000   0.6577   0.00741   0.00269   0.0035   0.0553   0.9635
   6.250   0.6843   0.00758   0.00284   0.0038   0.0506   0.9711
   6.500   0.7114   0.00778   0.00301   0.0040   0.0455   0.9778
   6.750   0.7384   0.00796   0.00317   0.0042   0.0421   0.9836
   7.000   0.7690   0.00817   0.00335   0.0036   0.0384   0.9870
   7.250   0.7986   0.00839   0.00355   0.0032   0.0349   0.9904
   7.500   0.8279   0.00860   0.00373   0.0028   0.0325   0.9935
   7.750   0.8602   0.00883   0.00395   0.0018   0.0300   0.9944
   8.000   0.8926   0.00907   0.00416   0.0007   0.0279   0.9952
   8.250   0.9247   0.00930   0.00438  -0.0003   0.0262   0.9961
   8.500   0.9563   0.00958   0.00464  -0.0013   0.0239   0.9971
   8.750   0.9881   0.00980   0.00485  -0.0022   0.0231   0.9981
   9.000   1.0193   0.01006   0.00510  -0.0031   0.0218   0.9990
   9.250   1.0501   0.01037   0.00540  -0.0039   0.0201   0.9997
   9.500   1.0770   0.01059   0.00562  -0.0038   0.0197   1.0000
   9.750   1.0985   0.01081   0.00585  -0.0026   0.0190   1.0000
  10.000   1.1200   0.01108   0.00611  -0.0014   0.0181   1.0000
  10.250   1.1415   0.01139   0.00642  -0.0002   0.0170   1.0000
  10.500   1.1642   0.01164   0.00668   0.0007   0.0165   1.0000
  10.750   1.1872   0.01189   0.00694   0.0016   0.0161   1.0000
  11.000   1.2105   0.01217   0.00723   0.0024   0.0156   1.0000
  11.250   1.2338   0.01249   0.00755   0.0031   0.0151   1.0000
  11.500   1.2569   0.01286   0.00792   0.0038   0.0143   1.0000
  11.750   1.2799   0.01325   0.00833   0.0045   0.0137   1.0000
  12.000   1.3039   0.01355   0.00864   0.0051   0.0135   1.0000
  12.250   1.3276   0.01387   0.00898   0.0057   0.0133   1.0000
  12.500   1.3509   0.01421   0.00934   0.0063   0.0130   1.0000
  12.750   1.3738   0.01459   0.00973   0.0069   0.0126   1.0000
  13.000   1.3962   0.01500   0.01015   0.0076   0.0122   1.0000
  13.250   1.4177   0.01548   0.01065   0.0084   0.0116   1.0000
  13.500   1.4381   0.01604   0.01124   0.0094   0.0111   1.0000
  13.750   1.4600   0.01643   0.01165   0.0101   0.0110   1.0000
  14.000   1.4814   0.01684   0.01209   0.0109   0.0109   1.0000
  14.250   1.5021   0.01729   0.01257   0.0118   0.0108   1.0000
  14.500   1.5221   0.01776   0.01307   0.0128   0.0106   1.0000
  14.750   1.5412   0.01826   0.01359   0.0138   0.0104   1.0000
  15.000   1.5592   0.01880   0.01416   0.0150   0.0102   1.0000
