  
       XFOIL         Version 6.99
  
 Calculated polar for: NACA 0012                                       
  
 1 1 Reynolds number fixed          Mach number fixed         
  
 xtrf =   1.000 (top)        1.000 (bottom)  
 Mach =   0.002     Re =     2.606 e 6     Ncrit =   9.000
  
   alpha    CL        CD       CDp       CM     Top_Xtr  Bot_Xtr
  ------ -------- --------- --------- -------- -------- --------
   0.000   0.0000   0.00511   0.00076  -0.0000   0.5352   0.5354
   0.250   0.0280   0.00512   0.00076   0.0000   0.5108   0.5584
   0.500   0.0558   0.00513   0.00077   0.0001   0.4862   0.5831
   0.750   0.0838   0.00515   0.00079   0.0001   0.4617   0.6072
   1.000   0.1116   0.00518   0.00081   0.0001   0.4373   0.6313
   1.250   0.1395   0.00521   0.00084   0.0002   0.4131   0.6553
   1.500   0.1672   0.00526   0.00087   0.0003   0.3883   0.6790
   1.750   0.1950   0.00531   0.00092   0.0003   0.3641   0.7031
   2.000   0.2227   0.00538   0.00097   0.0004   0.3391   0.7260
   2.250   0.2502   0.00545   0.00102   0.0005   0.3144   0.7488
   2.500   0.2778   0.00554   0.00109   0.0006   0.2902   0.7716
   2.750   0.3053   0.00563   0.00117   0.0008   0.2665   0.7930
   3.000   0.3325   0.00574   0.00125   0.0009   0.2427   0.8146
   3.250   0.3598   0.00585   0.00134   0.0011   0.2205   0.8350
   3.500   0.3868   0.00599   0.00144   0.0013   0.1972   0.8539
   3.750   0.4140   0.00611   0.00155   0.0015   0.1782   0.8716
   4.000   0.4409   0.00627   0.00167   0.0018   0.1575   0.8882
   4.250   0.4677   0.00643   0.00180   0.0021   0.1396   0.9035
   4.500   0.4943   0.00660   0.00193   0.0024   0.1225   0.9175
   4.750   0.5210   0.00677   0.00207   0.0027   0.1085   0.9298
   5.000   0.5475   0.00696   0.00221   0.0031   0.0957   0.9412
   5.250   0.5736   0.00714   0.00236   0.0035   0.0848   0.9521
   5.500   0.6000   0.00732   0.00252   0.0039   0.0761   0.9609
   5.750   0.6262   0.00750   0.00267   0.0044   0.0681   0.9694
   6.000   0.6539   0.00770   0.00283   0.0044   0.0610   0.9757
   6.250   0.6803   0.00792   0.00301   0.0048   0.0541   0.9824
   6.500   0.7113   0.00812   0.00318   0.0041   0.0493   0.9857
   6.750   0.7421   0.00834   0.00337   0.0034   0.0448   0.9888
   7.000   0.7726   0.00858   0.00358   0.0028   0.0404   0.9917
   7.250   0.8034   0.00880   0.00378   0.0021   0.0374   0.9938
   7.500   0.8363   0.00907   0.00401   0.0009   0.0334   0.9946
   7.750   0.8693   0.00928   0.00422  -0.0003   0.0317   0.9954
   8.000   0.9015   0.00956   0.00447  -0.0014   0.0289   0.9964
   8.250   0.9337   0.00979   0.00469  -0.0025   0.0275   0.9975
   8.500   0.9656   0.01006   0.00494  -0.0035   0.0257   0.9985
   8.750   0.9971   0.01035   0.00522  -0.0044   0.0238   0.9994
   9.000   1.0275   0.01059   0.00546  -0.0051   0.0229   1.0000
   9.250   1.0485   0.01084   0.00570  -0.0038   0.0219   1.0000
   9.500   1.0693   0.01114   0.00600  -0.0024   0.0205   1.0000
   9.750   1.0911   0.01138   0.00626  -0.0012   0.0199   1.0000
  10.000   1.1134   0.01162   0.00651  -0.0002   0.0193   1.0000
  10.250   1.1357   0.01190   0.00678   0.0008   0.0185   1.0000
  10.500   1.1579   0.01222   0.00710   0.0018   0.0176   1.0000
  10.750   1.1801   0.01259   0.00749   0.0028   0.0167   1.0000
  11.000   1.2038   0.01286   0.00777   0.0034   0.0164   1.0000
  11.250   1.2275   0.01316   0.00809   0.0041   0.0160   1.0000
  11.500   1.2509   0.01349   0.00843   0.0047   0.0155   1.0000
  11.750   1.2740   0.01387   0.00881   0.0054   0.0149   1.0000
  12.000   1.2964   0.01431   0.00927   0.0062   0.0142   1.0000
  12.250   1.3184   0.01478   0.00977   0.0070   0.0137   1.0000
  12.500   1.3416   0.01512   0.01014   0.0076   0.0135   1.0000
  12.750   1.3643   0.01550   0.01054   0.0083   0.0133   1.0000
  13.000   1.3866   0.01590   0.01096   0.0090   0.0130   1.0000
  13.250   1.4084   0.01633   0.01141   0.0097   0.0126   1.0000
  13.500   1.4294   0.01679   0.01189   0.0106   0.0123   1.0000
  13.750   1.4494   0.01732   0.01244   0.0116   0.0119   1.0000
  14.000   1.4675   0.01798   0.01314   0.0128   0.0114   1.0000
  14.250   1.4852   0.01862   0.01383   0.0140   0.0111   1.0000
  14.500   1.5042   0.01911   0.01436   0.0151   0.0110   1.0000
  14.750   1.5217   0.01964   0.01492   0.0164   0.0109   1.0000
  15.000   1.5362   0.02020   0.01552   0.0182   0.0107   1.0000
