  
       XFOIL         Version 6.99
  
 Calculated polar for: NACA 0012                                       
  
 1 1 Reynolds number fixed          Mach number fixed         
  
 xtrf =   1.000 (top)        1.000 (bottom)  
 Mach =   0.002     Re =     2.790 e 6     Ncrit =   9.000
  
   alpha    CL        CD       CDp       CM     Top_Xtr  Bot_Xtr
  ------ -------- --------- --------- -------- -------- --------
   0.000  -0.0000   0.00512   0.00075  -0.0000   0.5239   0.5241
   0.250   0.0280   0.00511   0.00075   0.0000   0.5008   0.5478
   0.500   0.0559   0.00513   0.00076   0.0000   0.4756   0.5720
   0.750   0.0839   0.00514   0.00077   0.0001   0.4523   0.5967
   1.000   0.1118   0.00517   0.00080   0.0001   0.4271   0.6201
   1.250   0.1397   0.00521   0.00082   0.0001   0.4035   0.6435
   1.500   0.1675   0.00525   0.00086   0.0002   0.3787   0.6682
   1.750   0.1953   0.00531   0.00090   0.0002   0.3551   0.6911
   2.000   0.2230   0.00536   0.00095   0.0003   0.3303   0.7146
   2.250   0.2507   0.00544   0.00101   0.0004   0.3060   0.7378
   2.500   0.2782   0.00553   0.00107   0.0005   0.2818   0.7599
   2.750   0.3057   0.00561   0.00115   0.0006   0.2585   0.7823
   3.000   0.3331   0.00572   0.00123   0.0008   0.2353   0.8043
   3.250   0.3605   0.00584   0.00132   0.0009   0.2127   0.8244
   3.500   0.3877   0.00595   0.00142   0.0011   0.1919   0.8439
   3.750   0.4148   0.00609   0.00152   0.0013   0.1717   0.8622
   4.000   0.4417   0.00624   0.00164   0.0016   0.1514   0.8796
   4.250   0.4688   0.00638   0.00176   0.0018   0.1353   0.8953
   4.500   0.4957   0.00654   0.00189   0.0021   0.1197   0.9099
   4.750   0.5225   0.00671   0.00203   0.0024   0.1055   0.9234
   5.000   0.5489   0.00687   0.00217   0.0028   0.0934   0.9359
   5.250   0.5753   0.00705   0.00232   0.0031   0.0829   0.9464
   5.500   0.6016   0.00725   0.00247   0.0035   0.0727   0.9562
   5.750   0.6278   0.00742   0.00263   0.0040   0.0658   0.9651
   6.000   0.6546   0.00760   0.00278   0.0043   0.0597   0.9724
   6.250   0.6820   0.00780   0.00295   0.0044   0.0532   0.9789
   6.500   0.7099   0.00801   0.00313   0.0044   0.0480   0.9842
   6.750   0.7409   0.00821   0.00330   0.0037   0.0440   0.9873
   7.000   0.7710   0.00846   0.00351   0.0031   0.0393   0.9905
   7.250   0.8012   0.00866   0.00370   0.0026   0.0367   0.9933
   7.500   0.8334   0.00892   0.00392   0.0015   0.0332   0.9943
   7.750   0.8663   0.00914   0.00413   0.0003   0.0313   0.9951
   8.000   0.8985   0.00942   0.00438  -0.0007   0.0284   0.9960
   8.250   0.9308   0.00963   0.00459  -0.0018   0.0272   0.9970
   8.500   0.9625   0.00991   0.00484  -0.0028   0.0251   0.9981
   8.750   0.9941   0.01017   0.00510  -0.0037   0.0236   0.9990
   9.000   1.0256   0.01042   0.00535  -0.0046   0.0226   0.9997
   9.250   1.0507   0.01069   0.00560  -0.0042   0.0213   1.0000
   9.500   1.0714   0.01098   0.00590  -0.0028   0.0201   1.0000
   9.750   1.0934   0.01119   0.00612  -0.0017   0.0196   1.0000
  10.000   1.1155   0.01144   0.00637  -0.0006   0.0190   1.0000
  10.250   1.1377   0.01172   0.00665   0.0005   0.0182   1.0000
  10.500   1.1594   0.01207   0.00700   0.0015   0.0170   1.0000
  10.750   1.1824   0.01236   0.00730   0.0024   0.0166   1.0000
  11.000   1.2060   0.01263   0.00759   0.0031   0.0162   1.0000
  11.250   1.2296   0.01294   0.00791   0.0038   0.0157   1.0000
  11.500   1.2530   0.01327   0.00825   0.0044   0.0152   1.0000
  11.750   1.2759   0.01366   0.00864   0.0051   0.0145   1.0000
  12.000   1.2979   0.01415   0.00916   0.0060   0.0138   1.0000
  12.250   1.3215   0.01447   0.00950   0.0065   0.0136   1.0000
  12.500   1.3447   0.01482   0.00987   0.0072   0.0134   1.0000
  12.750   1.3675   0.01519   0.01026   0.0078   0.0131   1.0000
  13.000   1.3899   0.01559   0.01068   0.0085   0.0128   1.0000
  13.250   1.4117   0.01602   0.01113   0.0093   0.0124   1.0000
  13.500   1.4327   0.01650   0.01163   0.0101   0.0120   1.0000
  13.750   1.4521   0.01710   0.01225   0.0112   0.0115   1.0000
  14.000   1.4708   0.01771   0.01291   0.0123   0.0111   1.0000
  14.250   1.4910   0.01816   0.01339   0.0133   0.0110   1.0000
  14.500   1.5104   0.01865   0.01391   0.0143   0.0109   1.0000
  14.750   1.5286   0.01917   0.01447   0.0155   0.0107   1.0000
  15.000   1.5445   0.01972   0.01505   0.0170   0.0106   1.0000
