  
       XFOIL         Version 6.99
  
 Calculated polar for: NACA 0012                                       
  
 1 1 Reynolds number fixed          Mach number fixed         
  
 xtrf =   1.000 (top)        1.000 (bottom)  
 Mach =   0.002     Re =     2.915 e 6     Ncrit =   9.000
  
   alpha    CL        CD       CDp       CM     Top_Xtr  Bot_Xtr
  ------ -------- --------- --------- -------- -------- --------
   0.000   0.0000   0.00510   0.00074  -0.0000   0.5179   0.5181
   0.250   0.0281   0.00512   0.00074   0.0000   0.4934   0.5402
   0.500   0.0560   0.00512   0.00075   0.0000   0.4698   0.5654
   0.750   0.0840   0.00514   0.00077   0.0000   0.4458   0.5893
   1.000   0.1119   0.00517   0.00079   0.0001   0.4212   0.6127
   1.250   0.1398   0.00520   0.00082   0.0001   0.3971   0.6366
   1.500   0.1676   0.00525   0.00085   0.0002   0.3727   0.6604
   1.750   0.1955   0.00529   0.00089   0.0002   0.3495   0.6843
   2.000   0.2232   0.00537   0.00094   0.0003   0.3243   0.7068
   2.250   0.2509   0.00543   0.00100   0.0003   0.3008   0.7304
   2.500   0.2785   0.00552   0.00106   0.0004   0.2760   0.7531
   2.750   0.3061   0.00561   0.00113   0.0005   0.2539   0.7749
   3.250   0.3609   0.00581   0.00130   0.0008   0.2095   0.8181
   3.500   0.3881   0.00594   0.00140   0.0010   0.1873   0.8381
   3.750   0.4153   0.00608   0.00151   0.0012   0.1668   0.8564
   4.000   0.4425   0.00621   0.00162   0.0014   0.1492   0.8740
   4.250   0.4696   0.00635   0.00174   0.0016   0.1328   0.8903
   4.500   0.4964   0.00650   0.00187   0.0019   0.1173   0.9055
   4.750   0.5231   0.00667   0.00201   0.0022   0.1032   0.9194
   5.000   0.5497   0.00683   0.00215   0.0025   0.0917   0.9317
   5.250   0.5764   0.00700   0.00229   0.0029   0.0816   0.9426
   5.500   0.6026   0.00718   0.00244   0.0033   0.0719   0.9533
   5.750   0.6288   0.00737   0.00260   0.0037   0.0640   0.9621
   6.000   0.6552   0.00754   0.00275   0.0041   0.0586   0.9702
   6.250   0.6827   0.00773   0.00292   0.0042   0.0526   0.9767
   6.500   0.7091   0.00795   0.00309   0.0046   0.0470   0.9831
   6.750   0.7401   0.00814   0.00326   0.0038   0.0435   0.9863
   7.000   0.7703   0.00837   0.00346   0.0033   0.0391   0.9896
   7.250   0.8003   0.00858   0.00365   0.0028   0.0363   0.9926
   7.500   0.8316   0.00882   0.00386   0.0020   0.0331   0.9941
   7.750   0.8645   0.00904   0.00407   0.0008   0.0309   0.9949
   8.000   0.8967   0.00931   0.00431  -0.0003   0.0283   0.9958
   8.250   0.9290   0.00953   0.00453  -0.0013   0.0269   0.9967
   8.500   0.9606   0.00981   0.00478  -0.0023   0.0247   0.9978
   8.750   0.9923   0.01006   0.00502  -0.0033   0.0235   0.9987
   9.000   1.0237   0.01031   0.00527  -0.0042   0.0223   0.9995
   9.250   1.0520   0.01060   0.00555  -0.0044   0.0209   1.0000
   9.500   1.0731   0.01086   0.00581  -0.0031   0.0200   1.0000
   9.750   1.0949   0.01108   0.00604  -0.0019   0.0195   1.0000
  10.000   1.1169   0.01133   0.00629  -0.0008   0.0187   1.0000
  10.250   1.1389   0.01162   0.00657   0.0003   0.0179   1.0000
  10.500   1.1605   0.01197   0.00694   0.0014   0.0167   1.0000
  10.750   1.1838   0.01222   0.00719   0.0022   0.0165   1.0000
  11.000   1.2074   0.01249   0.00748   0.0029   0.0160   1.0000
  11.250   1.2309   0.01280   0.00779   0.0036   0.0155   1.0000
  11.500   1.2542   0.01314   0.00814   0.0042   0.0150   1.0000
  11.750   1.2770   0.01355   0.00856   0.0050   0.0142   1.0000
  12.000   1.2997   0.01397   0.00900   0.0057   0.0137   1.0000
  12.250   1.3233   0.01429   0.00934   0.0063   0.0135   1.0000
  12.500   1.3466   0.01463   0.00971   0.0069   0.0133   1.0000
  12.750   1.3695   0.01501   0.01010   0.0075   0.0130   1.0000
  13.000   1.3919   0.01541   0.01052   0.0082   0.0126   1.0000
  13.250   1.4137   0.01584   0.01096   0.0090   0.0122   1.0000
  13.500   1.4345   0.01635   0.01149   0.0099   0.0117   1.0000
  13.750   1.4533   0.01700   0.01218   0.0110   0.0112   1.0000
  14.000   1.4741   0.01744   0.01265   0.0119   0.0111   1.0000
  14.250   1.4945   0.01789   0.01314   0.0128   0.0110   1.0000
  14.500   1.5140   0.01837   0.01365   0.0138   0.0108   1.0000
  14.750   1.5326   0.01889   0.01420   0.0149   0.0106   1.0000
  15.000   1.5494   0.01943   0.01478   0.0163   0.0105   1.0000
