  
       XFOIL         Version 6.99
  
 Calculated polar for: NACA 0012                                       
  
 1 1 Reynolds number fixed          Mach number fixed         
  
 xtrf =   1.000 (top)        1.000 (bottom)  
 Mach =   0.003     Re =     3.155 e 6     Ncrit =   9.000
  
   alpha    CL        CD       CDp       CM     Top_Xtr  Bot_Xtr
  ------ -------- --------- --------- -------- -------- --------
   0.000   0.0000   0.00510   0.00072  -0.0000   0.5054   0.5055
   0.250   0.0281   0.00510   0.00073  -0.0000   0.4818   0.5282
   0.500   0.0560   0.00512   0.00074   0.0000   0.4574   0.5528
   0.750   0.0841   0.00513   0.00075   0.0000   0.4348   0.5764
   1.000   0.1120   0.00516   0.00077   0.0000   0.4097   0.6002
   1.250   0.1400   0.00520   0.00080   0.0001   0.3862   0.6231
   1.500   0.1679   0.00524   0.00084   0.0001   0.3622   0.6474
   1.750   0.1958   0.00529   0.00088   0.0001   0.3388   0.6707
   2.000   0.2236   0.00535   0.00093   0.0002   0.3146   0.6931
   2.250   0.2513   0.00542   0.00098   0.0002   0.2908   0.7174
   2.500   0.2790   0.00550   0.00104   0.0003   0.2677   0.7395
   2.750   0.3065   0.00560   0.00112   0.0004   0.2441   0.7620
   3.000   0.3341   0.00568   0.00119   0.0005   0.2223   0.7845
   3.250   0.3615   0.00580   0.00128   0.0006   0.2008   0.8057
   3.500   0.3890   0.00592   0.00138   0.0008   0.1803   0.8257
   3.750   0.4163   0.00603   0.00148   0.0010   0.1618   0.8450
   4.000   0.4434   0.00616   0.00159   0.0012   0.1436   0.8637
   4.250   0.4704   0.00631   0.00171   0.0014   0.1265   0.8805
   4.500   0.4975   0.00646   0.00184   0.0016   0.1118   0.8962
   4.750   0.5244   0.00662   0.00198   0.0019   0.0977   0.9107
   5.000   0.5514   0.00677   0.00211   0.0021   0.0878   0.9239
   5.250   0.5780   0.00692   0.00225   0.0025   0.0788   0.9363
   5.500   0.6044   0.00708   0.00239   0.0029   0.0699   0.9470
   5.750   0.6309   0.00727   0.00255   0.0032   0.0621   0.9565
   6.000   0.6570   0.00745   0.00270   0.0037   0.0563   0.9655
   6.250   0.6838   0.00762   0.00286   0.0040   0.0512   0.9726
   6.500   0.7108   0.00782   0.00303   0.0042   0.0458   0.9793
   6.750   0.7388   0.00801   0.00319   0.0041   0.0425   0.9844
   7.000   0.7694   0.00822   0.00338   0.0035   0.0386   0.9877
   7.250   0.7990   0.00844   0.00357   0.0031   0.0353   0.9911
   7.500   0.8286   0.00865   0.00377   0.0027   0.0327   0.9938
   7.750   0.8613   0.00889   0.00398   0.0015   0.0303   0.9945
   8.000   0.8937   0.00913   0.00420   0.0004   0.0280   0.9953
   8.250   0.9258   0.00936   0.00442  -0.0006   0.0264   0.9963
   8.500   0.9574   0.00965   0.00468  -0.0015   0.0240   0.9973
   8.750   0.9891   0.00986   0.00490  -0.0025   0.0232   0.9982
   9.000   1.0205   0.01012   0.00514  -0.0034   0.0219   0.9991
   9.250   1.0513   0.01045   0.00545  -0.0042   0.0202   0.9998
   9.500   1.0760   0.01066   0.00567  -0.0036   0.0198   1.0000
   9.750   1.0975   0.01088   0.00590  -0.0024   0.0191   1.0000
  10.000   1.1192   0.01114   0.00615  -0.0012   0.0183   1.0000
  10.250   1.1408   0.01145   0.00646  -0.0001   0.0172   1.0000
  10.500   1.1632   0.01173   0.00675   0.0009   0.0166   1.0000
  10.750   1.1863   0.01197   0.00700   0.0017   0.0162   1.0000
  11.000   1.2097   0.01225   0.00729   0.0025   0.0157   1.0000
  11.250   1.2331   0.01257   0.00761   0.0032   0.0152   1.0000
  11.500   1.2563   0.01293   0.00797   0.0039   0.0145   1.0000
  11.750   1.2789   0.01336   0.00842   0.0047   0.0137   1.0000
  12.000   1.3028   0.01365   0.00873   0.0052   0.0136   1.0000
  12.250   1.3265   0.01397   0.00907   0.0058   0.0134   1.0000
  12.500   1.3498   0.01432   0.00943   0.0064   0.0131   1.0000
  12.750   1.3727   0.01469   0.00982   0.0071   0.0127   1.0000
  13.000   1.3952   0.01510   0.01024   0.0078   0.0123   1.0000
  13.250   1.4168   0.01557   0.01072   0.0086   0.0118   1.0000
  13.500   1.4369   0.01614   0.01133   0.0096   0.0112   1.0000
  13.750   1.4583   0.01658   0.01179   0.0104   0.0111   1.0000
  14.000   1.4795   0.01699   0.01223   0.0112   0.0110   1.0000
  14.250   1.5002   0.01744   0.01271   0.0121   0.0108   1.0000
  14.500   1.5200   0.01791   0.01321   0.0130   0.0106   1.0000
  14.750   1.5391   0.01842   0.01375   0.0141   0.0104   1.0000
  15.000   1.5569   0.01896   0.01431   0.0153   0.0102   1.0000
