  
       XFOIL         Version 6.99
  
 Calculated polar for: NACA 0012                                       
  
 1 1 Reynolds number fixed          Mach number fixed         
  
 xtrf =   1.000 (top)        1.000 (bottom)  
 Mach =   0.001     Re =     2.353 e 6     Ncrit =   9.000
  
   alpha    CL        CD       CDp       CM     Top_Xtr  Bot_Xtr
  ------ -------- --------- --------- -------- -------- --------
   0.000  -0.0000   0.00512   0.00078  -0.0000   0.5510   0.5513
   0.250   0.0279   0.00513   0.00079   0.0000   0.5261   0.5752
   0.500   0.0557   0.00514   0.00080   0.0001   0.5015   0.5998
   0.750   0.0836   0.00517   0.00081   0.0001   0.4766   0.6235
   1.000   0.1114   0.00519   0.00083   0.0002   0.4525   0.6480
   1.250   0.1392   0.00523   0.00086   0.0003   0.4276   0.6724
   1.500   0.1669   0.00527   0.00090   0.0004   0.4026   0.6960
   1.750   0.1945   0.00533   0.00094   0.0005   0.3772   0.7198
   2.000   0.2221   0.00539   0.00099   0.0006   0.3525   0.7430
   2.250   0.2496   0.00547   0.00105   0.0007   0.3272   0.7655
   2.500   0.2771   0.00555   0.00112   0.0008   0.3032   0.7882
   2.750   0.3044   0.00567   0.00120   0.0010   0.2780   0.8090
   3.000   0.3316   0.00576   0.00128   0.0012   0.2546   0.8297
   3.250   0.3586   0.00590   0.00138   0.0014   0.2301   0.8492
   3.500   0.3857   0.00602   0.00148   0.0016   0.2087   0.8674
   3.750   0.4126   0.00617   0.00159   0.0019   0.1869   0.8843
   4.000   0.4393   0.00634   0.00172   0.0022   0.1655   0.8998
   4.250   0.4661   0.00650   0.00184   0.0025   0.1481   0.9141
   4.500   0.4927   0.00668   0.00198   0.0029   0.1302   0.9271
   4.750   0.5191   0.00686   0.00212   0.0032   0.1153   0.9391
   5.000   0.5452   0.00705   0.00227   0.0037   0.1019   0.9497
   5.250   0.5715   0.00724   0.00242   0.0041   0.0902   0.9589
   5.500   0.5978   0.00744   0.00258   0.0045   0.0803   0.9677
   5.750   0.6252   0.00765   0.00274   0.0046   0.0709   0.9742
   6.000   0.6524   0.00787   0.00292   0.0048   0.0626   0.9808
   6.250   0.6822   0.00808   0.00309   0.0044   0.0569   0.9849
   6.500   0.7135   0.00830   0.00328   0.0036   0.0510   0.9878
   6.750   0.7446   0.00855   0.00349   0.0028   0.0456   0.9907
   7.000   0.7759   0.00878   0.00369   0.0020   0.0419   0.9929
   7.250   0.8081   0.00902   0.00390   0.0010   0.0382   0.9942
   7.500   0.8411   0.00928   0.00414  -0.0002   0.0347   0.9951
   7.750   0.8739   0.00952   0.00436  -0.0014   0.0324   0.9960
   8.000   0.9063   0.00978   0.00460  -0.0025   0.0300   0.9971
   8.250   0.9384   0.01005   0.00486  -0.0036   0.0279   0.9982
   8.500   0.9705   0.01030   0.00510  -0.0046   0.0263   0.9992
   8.750   1.0019   0.01064   0.00542  -0.0056   0.0241   1.0000
   9.000   1.0238   0.01084   0.00563  -0.0044   0.0234   1.0000
   9.250   1.0452   0.01108   0.00587  -0.0031   0.0225   1.0000
   9.500   1.0664   0.01135   0.00614  -0.0019   0.0214   1.0000
   9.750   1.0874   0.01169   0.00649  -0.0006   0.0201   1.0000
  10.000   1.1100   0.01193   0.00674   0.0004   0.0197   1.0000
  10.250   1.1326   0.01219   0.00701   0.0013   0.0191   1.0000
  10.500   1.1551   0.01249   0.00731   0.0023   0.0183   1.0000
  10.750   1.1775   0.01286   0.00768   0.0032   0.0173   1.0000
  11.000   1.2002   0.01324   0.00808   0.0040   0.0166   1.0000
  11.250   1.2239   0.01353   0.00840   0.0046   0.0163   1.0000
  11.500   1.2475   0.01386   0.00874   0.0053   0.0159   1.0000
  11.750   1.2706   0.01422   0.00912   0.0059   0.0154   1.0000
  12.000   1.2934   0.01462   0.00953   0.0066   0.0149   1.0000
  12.250   1.3151   0.01511   0.01003   0.0075   0.0142   1.0000
  12.500   1.3363   0.01563   0.01060   0.0083   0.0137   1.0000
  12.750   1.3589   0.01601   0.01100   0.0090   0.0135   1.0000
  13.000   1.3810   0.01641   0.01143   0.0098   0.0133   1.0000
  13.250   1.4026   0.01684   0.01189   0.0105   0.0130   1.0000
  13.500   1.4236   0.01730   0.01237   0.0114   0.0127   1.0000
  13.750   1.4438   0.01780   0.01289   0.0123   0.0123   1.0000
  14.000   1.4628   0.01835   0.01347   0.0134   0.0120   1.0000
  14.250   1.4798   0.01903   0.01419   0.0147   0.0116   1.0000
  14.500   1.4931   0.01990   0.01513   0.0165   0.0111   1.0000
  14.750   1.5083   0.02043   0.01570   0.0182   0.0111   1.0000
  15.000   1.5221   0.02102   0.01633   0.0200   0.0110   1.0000
