  
       XFOIL         Version 6.99
  
 Calculated polar for: NACA 0012                                       
  
 1 1 Reynolds number fixed          Mach number fixed         
  
 xtrf =   1.000 (top)        1.000 (bottom)  
 Mach =   0.001     Re =     2.008 e 6     Ncrit =   9.000
  
   alpha    CL        CD       CDp       CM     Top_Xtr  Bot_Xtr
  ------ -------- --------- --------- -------- -------- --------
   0.000  -0.0000   0.00516   0.00083  -0.0000   0.5751   0.5754
   0.250   0.0278   0.00515   0.00083   0.0001   0.5512   0.6012
   0.500   0.0555   0.00517   0.00084   0.0002   0.5255   0.6252
   0.750   0.0832   0.00519   0.00085   0.0002   0.5010   0.6498
   1.000   0.1109   0.00523   0.00088   0.0003   0.4751   0.6740
   1.250   0.1385   0.00525   0.00091   0.0004   0.4505   0.6986
   1.750   0.1937   0.00536   0.00099   0.0007   0.3995   0.7454
   2.000   0.2210   0.00544   0.00105   0.0009   0.3734   0.7690
   2.250   0.2485   0.00551   0.00110   0.0010   0.3487   0.7906
   2.500   0.2757   0.00560   0.00118   0.0012   0.3231   0.8124
   2.750   0.3028   0.00571   0.00126   0.0014   0.2978   0.8330
   3.000   0.3299   0.00583   0.00134   0.0017   0.2734   0.8523
   3.250   0.3569   0.00597   0.00144   0.0019   0.2483   0.8704
   3.500   0.3837   0.00611   0.00155   0.0022   0.2253   0.8871
   3.750   0.4103   0.00628   0.00167   0.0025   0.2018   0.9025
   4.000   0.4368   0.00645   0.00180   0.0029   0.1802   0.9166
   4.250   0.4633   0.00663   0.00193   0.0033   0.1604   0.9293
   4.500   0.4896   0.00684   0.00207   0.0037   0.1412   0.9410
   4.750   0.5155   0.00705   0.00222   0.0042   0.1240   0.9517
   5.000   0.5419   0.00725   0.00238   0.0046   0.1093   0.9606
   5.250   0.5679   0.00747   0.00253   0.0050   0.0960   0.9694
   5.500   0.5964   0.00769   0.00270   0.0049   0.0849   0.9752
   5.750   0.6236   0.00790   0.00287   0.0051   0.0758   0.9819
   6.000   0.6549   0.00813   0.00305   0.0043   0.0671   0.9851
   6.250   0.6868   0.00837   0.00325   0.0034   0.0599   0.9879
   6.500   0.7189   0.00863   0.00346   0.0024   0.0530   0.9903
   6.750   0.7507   0.00889   0.00367   0.0014   0.0475   0.9925
   7.000   0.7828   0.00911   0.00389   0.0005   0.0436   0.9941
   7.250   0.8161   0.00940   0.00413  -0.0008   0.0391   0.9950
   7.500   0.8493   0.00963   0.00435  -0.0021   0.0363   0.9960
   7.750   0.8819   0.00992   0.00461  -0.0033   0.0331   0.9972
   8.000   0.9145   0.01016   0.00484  -0.0044   0.0312   0.9984
   8.250   0.9465   0.01050   0.00516  -0.0055   0.0284   0.9994
   8.500   0.9764   0.01072   0.00539  -0.0060   0.0273   1.0000
   8.750   0.9974   0.01097   0.00562  -0.0047   0.0259   1.0000
   9.000   1.0177   0.01129   0.00594  -0.0033   0.0240   1.0000
   9.250   1.0396   0.01151   0.00618  -0.0021   0.0234   1.0000
   9.500   1.0615   0.01176   0.00644  -0.0010   0.0225   1.0000
   9.750   1.0833   0.01206   0.00673   0.0001   0.0215   1.0000
  10.000   1.1043   0.01247   0.00715   0.0014   0.0202   1.0000
  10.250   1.1271   0.01272   0.00742   0.0023   0.0198   1.0000
  10.500   1.1501   0.01301   0.00772   0.0031   0.0192   1.0000
  10.750   1.1732   0.01333   0.00806   0.0039   0.0184   1.0000
  11.000   1.1959   0.01372   0.00844   0.0047   0.0176   1.0000
  11.250   1.2176   0.01421   0.00897   0.0056   0.0167   1.0000
  11.500   1.2411   0.01453   0.00931   0.0062   0.0164   1.0000
  11.750   1.2643   0.01488   0.00969   0.0069   0.0160   1.0000
  12.000   1.2871   0.01527   0.01010   0.0076   0.0156   1.0000
  12.250   1.3093   0.01569   0.01054   0.0083   0.0151   1.0000
  12.500   1.3308   0.01617   0.01104   0.0091   0.0146   1.0000
  12.750   1.3505   0.01680   0.01170   0.0102   0.0140   1.0000
  13.000   1.3706   0.01736   0.01230   0.0112   0.0137   1.0000
  13.250   1.3918   0.01779   0.01278   0.0120   0.0135   1.0000
  13.500   1.4123   0.01826   0.01328   0.0129   0.0132   1.0000
  13.750   1.4320   0.01876   0.01382   0.0139   0.0129   1.0000
  14.000   1.4509   0.01930   0.01438   0.0150   0.0126   1.0000
  14.250   1.4684   0.01988   0.01501   0.0162   0.0123   1.0000
  14.500   1.4830   0.02051   0.01567   0.0179   0.0121   1.0000
  14.750   1.4945   0.02125   0.01646   0.0200   0.0118   1.0000
  15.000   1.5030   0.02221   0.01748   0.0223   0.0115   1.0000
