  
       XFOIL         Version 6.99
  
 Calculated polar for: NACA 0012                                       
  
 1 1 Reynolds number fixed          Mach number fixed         
  
 xtrf =   1.000 (top)        1.000 (bottom)  
 Mach =   0.003     Re =     3.089 e 6     Ncrit =   9.000
  
   alpha    CL        CD       CDp       CM     Top_Xtr  Bot_Xtr
  ------ -------- --------- --------- -------- -------- --------
   0.000   0.0000   0.00510   0.00073  -0.0000   0.5084   0.5085
   0.250   0.0280   0.00510   0.00073   0.0000   0.4851   0.5318
   0.500   0.0561   0.00512   0.00074   0.0000   0.4609   0.5557
   0.750   0.0840   0.00513   0.00076   0.0000   0.4376   0.5802
   1.000   0.1120   0.00516   0.00078   0.0001   0.4131   0.6035
   1.250   0.1399   0.00520   0.00081   0.0001   0.3888   0.6266
   1.500   0.1678   0.00523   0.00084   0.0001   0.3654   0.6512
   1.750   0.1957   0.00530   0.00088   0.0001   0.3409   0.6738
   2.000   0.2235   0.00535   0.00093   0.0002   0.3176   0.6971
   2.250   0.2511   0.00543   0.00099   0.0003   0.2926   0.7209
   2.500   0.2789   0.00550   0.00105   0.0003   0.2703   0.7429
   2.750   0.3064   0.00560   0.00112   0.0005   0.2463   0.7658
   3.000   0.3340   0.00569   0.00120   0.0006   0.2245   0.7879
   3.250   0.3614   0.00580   0.00129   0.0007   0.2034   0.8086
   3.500   0.3886   0.00592   0.00139   0.0009   0.1815   0.8291
   3.750   0.4160   0.00604   0.00149   0.0010   0.1634   0.8482
   4.000   0.4431   0.00617   0.00160   0.0012   0.1453   0.8667
   4.250   0.4702   0.00632   0.00172   0.0015   0.1284   0.8833
   4.500   0.4971   0.00647   0.00185   0.0017   0.1135   0.8989
   4.750   0.5240   0.00663   0.00198   0.0020   0.0994   0.9130
   5.000   0.5510   0.00678   0.00212   0.0022   0.0889   0.9259
   5.250   0.5776   0.00694   0.00226   0.0026   0.0796   0.9381
   5.500   0.6039   0.00711   0.00241   0.0030   0.0705   0.9488
   5.750   0.6303   0.00730   0.00256   0.0033   0.0624   0.9580
   6.000   0.6565   0.00747   0.00272   0.0038   0.0570   0.9668
   6.250   0.6835   0.00765   0.00287   0.0040   0.0516   0.9737
   6.500   0.7103   0.00786   0.00305   0.0043   0.0459   0.9805
   6.750   0.7392   0.00804   0.00321   0.0041   0.0428   0.9849
   7.000   0.7696   0.00826   0.00340   0.0035   0.0388   0.9882
   7.250   0.7993   0.00848   0.00359   0.0030   0.0355   0.9915
   7.500   0.8294   0.00870   0.00379   0.0025   0.0328   0.9939
   7.750   0.8621   0.00893   0.00400   0.0013   0.0305   0.9946
   8.000   0.8945   0.00918   0.00423   0.0002   0.0281   0.9955
   8.250   0.9267   0.00940   0.00445  -0.0008   0.0266   0.9964
   8.500   0.9582   0.00970   0.00471  -0.0017   0.0241   0.9974
   8.750   0.9900   0.00991   0.00493  -0.0027   0.0233   0.9984
   9.000   1.0213   0.01017   0.00518  -0.0036   0.0221   0.9992
   9.250   1.0522   0.01049   0.00548  -0.0044   0.0204   0.9999
   9.500   1.0752   0.01071   0.00571  -0.0035   0.0198   1.0000
   9.750   1.0968   0.01093   0.00593  -0.0023   0.0192   1.0000
  10.000   1.1186   0.01119   0.00619  -0.0011   0.0184   1.0000
  10.250   1.1403   0.01149   0.00648  -0.0000   0.0174   1.0000
  10.500   1.1625   0.01179   0.00679   0.0010   0.0166   1.0000
  10.750   1.1857   0.01204   0.00705   0.0019   0.0163   1.0000
  11.000   1.2091   0.01232   0.00734   0.0026   0.0158   1.0000
  11.250   1.2325   0.01263   0.00766   0.0033   0.0153   1.0000
  11.500   1.2557   0.01298   0.00801   0.0040   0.0147   1.0000
  11.750   1.2782   0.01343   0.00847   0.0048   0.0138   1.0000
  12.000   1.3020   0.01373   0.00880   0.0054   0.0136   1.0000
  12.250   1.3257   0.01406   0.00914   0.0059   0.0134   1.0000
  12.500   1.3490   0.01440   0.00950   0.0065   0.0131   1.0000
  12.750   1.3719   0.01478   0.00989   0.0072   0.0128   1.0000
  13.000   1.3943   0.01518   0.01031   0.0079   0.0124   1.0000
  13.250   1.4160   0.01563   0.01078   0.0087   0.0119   1.0000
  13.500   1.4363   0.01619   0.01136   0.0096   0.0114   1.0000
  13.750   1.4569   0.01669   0.01190   0.0106   0.0111   1.0000
  14.000   1.4781   0.01711   0.01234   0.0114   0.0110   1.0000
  14.250   1.4987   0.01756   0.01282   0.0123   0.0108   1.0000
  14.500   1.5185   0.01803   0.01333   0.0132   0.0107   1.0000
  14.750   1.5374   0.01854   0.01386   0.0143   0.0105   1.0000
  15.000   1.5551   0.01908   0.01443   0.0156   0.0103   1.0000
